9812.607349138589
14492.076556079963
21236.062742688428
28453.479743092375
24240.737388318772
20317.292435944593
42757.02221186559
52930.111757810766
46133.822771207946
48880.29915723477
56856.72331201531
60809.94834820041
57475.441654078175
58312.76147129361
37031.9050496521
22231.634686794023
22432.25526744017
20367.215305077294
38873.41648057251
23847.183912078
34519.5281803386
27843.233509292342
27722.40829683998
26013.19203985844
30647.068035284625
25364.712089798068
25836.78948154286
37845.07225936029
40887.015734743574
38364.89775089894
31607.816531434393
23090.307129534922
33313.19161752989
39843.07190721048
44774.054150592565
32913.60243332944
17539.257756161554
33160.12555050141
28449.78985084757
27413.238397022407
39837.81382689094
31378.60738315707
36463.716664022424
34796.79520758716
37656.78873568663
47955.77514914653
41460.60334898553
44081.6314709624
33324.55163625373
41464.75740222816
