11608.356742730188
13824.511424911994
15307.564158738407
13541.402591301168
16311.482764114635
16721.806896268507
21905.505714020997
20971.66374733219
27927.900011323887
16054.860870393095
15631.829085692621
19445.942288646245
29488.086359357363
37840.072574033395
40576.469502054824
54884.12961042136
67591.4895959707
46284.497562785924
51925.90607994829
59638.88552578966
39007.49785811191
41270.88326862895
24344.917025678224
38753.10458856701
34284.75136114167
30985.382199017375
27070.65218074134
31820.090927705467
31173.569831742323
30390.096448699755
33416.56337728852
26553.342576302108
30617.107305565045
35738.64847567793
20608.24173824336
19970.964180184783
13810.73638645932
16193.467415937024
14738.502856223162
15545.211293549066
20617.59688029892
23379.532873645356
18628.963052176146
20314.415322506735
20838.917313597573
27212.41233815581
29977.976878842255
25097.42217860575
22379.05546958545
21880.657563284807
