8230.462170060162
11695.582467680135
19864.91632421636
15151.655015206592
24570.936535092835
20971.762072413138
20842.858327171056
16445.36834305945
20654.447649328406
28693.87881575798
33399.15793839424
43745.12080061297
45951.71931418193
41244.00545871542
44368.523974763055
59316.43131364396
47062.40564981702
36092.87665300795
23395.84902725671
39043.108913122334
48001.3895989251
56164.70977850133
32338.304299362466
47874.94442754275
42087.405732561805
55982.59234662362
61110.31455383561
62673.379262893875
60759.904726598106
56300.03325348448
48638.997646038035
34500.308588647735
18872.367093322715
28520.779523651952
30426.21512574859
34378.16075856791
35339.49725556219
42181.16735638278
32676.08965525679
35821.15286567077
47771.8243017514
50634.414837272605
39620.41073563491
40722.43343165808
47274.084206293766
55885.006451684465
